SIN[0]
OFFSET:  5.036611446539122
MULTI:   0.6742407287156887
Y-MULTI: 1.0355111316820362
SIN[1]
OFFSET:  4.96635392992295
MULTI:   1.6640663344245055
Y-MULTI: 1.8305104791122935
SIN[2]
OFFSET:  1.6730517603081403
MULTI:   1.7391115007721771
Y-MULTI: 1.2166370019816142
SIN[3]
OFFSET:  2.7289546458903833
MULTI:   1.9851129083715868
Y-MULTI: 1.0921558882553617
